100
500
59 32
41 34
41 72
28 14
76 59
69 9
51 98
85 94
47 62
1 83
79 97
84 65
5 13
90 49
33 33
32 11
58 75
26 61
93 23
75 85
87 83
25 24
35 28
24 37
36 47
13 50
4 66
19 9
25 78
46 90
35 76
12 53
33 91
57 32
9 76
96 0
89 61
41 45
7 28
63 67
45 81
93 99
8 91
48 83
40 23
39 91
91 6
15 29
26 63
83 16
16 6
69 89
76 11
76 3
64 38
77 45
4 67
73 26
36 38
21 25
36 95
65 91
2 85
27 71
59 92
15 72
39 48
60 46
55 41
38 78
21 73
31 52
99 61
54 72
86 41
15 89
82 7
48 75
11 11
60 99
58 57
65 89
50 79
10 94
86 21
67 16
75 27
78 35
60 48
34 57
14 70
89 82
51 93
84 99
51 17
64 73
97 95
22 63
28 83
42 41
25 38
64 35
38 67
11 86
69 79
68 61
7 62
85 24
21 25
34 22
17 95
1 94
66 84
48 5
65 41
1 39
68 77
48 44
53 4
49 21
32 55
25 67
58 9
25 87
86 62
13 17
42 81
56 64
35 95
58 49
2 27
24 52
43 64
91 78
44 48
67 12
92 11
79 84
14 59
50 32
76 52
26 0
53 27
77 9
83 41
77 24
55 69
33 72
66 91
10 2
84 93
84 35
52 27
53 88
72 40
8 17
5 75
60 2
35 16
16 96
53 53
67 93
83 53
84 84
73 29
4 48
57 40
45 35
90 80
35 46
4 84
18 28
7 49
51 20
27 90
76 49
7 96
2 98
67 14
27 95
88 94
77 83
42 41
26 66
13 94
57 3
12 79
62 52
28 87
83 86
66 32
14 1
84 73
1 67
78 52
88 97
19 91
97 44
24 96
30 94
4 67
44 62
87 16
82 97
27 63
96 39
12 45
26 50
43 8
97 98
92 26
24 10
6 63
21 42
46 53
83 98
1 53
71 16
43 81
47 7
99 24
67 56
79 86
4 66
66 18
92 17
71 82
59 94
90 70
44 83
29 64
95 90
35 16
95 17
72 60
5 34
70 11
79 29
58 60
71 35
36 18
77 4
16 26
32 98
5 69
30 57
32 17
39 83
42 95
43 25
27 70
83 3
23 35
37 57
23 53
85 3
73 16
84 21
94 71
25 72
52 71
79 48
76 95
78 27
22 74
30 15
44 88
22 68
42 56
79 49
27 26
84 61
77 89
26 2
42 62
12 82
99 65
88 54
24 68
82 4
7 37
23 72
26 60
22 83
58 67
95 9
9 79
33 45
36 45
6 19
39 13
42 71
3 58
32 37
65 82
73 69
33 82
43 3
18 59
59 67
17 24
28 0
25 80
19 56
14 71
52 42
63 49
59 27
18 23
88 29
90 98
56 18
32 66
12 81
43 13
17 88
70 45
31 11
80 25
0 40
51 63
88 69
50 29
46 6
61 18
90 23
0 9
67 3
68 27
85 54
53 50
47 54
53 0
71 13
54 49
50 75
43 57
35 68
57 7
64 96
41 90
76 55
39 33
54 56
45 64
27 85
50 93
86 50
14 17
28 96
6 42
14 28
34 66
72 36
15 94
54 2
12 9
5 37
50 99
8 77
59 62
28 15
35 92
10 82
17 71
34 81
41 82
96 31
32 86
7 5
41 22
25 58
60 51
78 80
85 63
34 79
18 16
66 0
23 90
27 56
2 58
34 19
58 43
11 96
93 56
89 27
35 18
44 78
67 84
26 1
65 45
32 85
66 43
96 68
55 78
25 63
21 47
7 24
42 79
37 19
37 76
33 5
36 12
29 17
43 17
41 47
42 13
10 2
63 61
3 62
82 49
7 67
62 97
13 69
40 59
56 45
64 6
95 56
33 58
34 23
42 81
91 79
23 34
39 76
85 5
66 94
10 24
22 80
29 25
80 41
5 96
9 64
59 87
99 59
49 5
77 60
58 1
21 85
0 34
85 87
61 81
37 34
47 77
90 39
38 38
33 94
97 20
43 14
56 15
74 48
52 17
82 61
38 16
82 45
75 95
98 69
85 85
4 16
74 97
67 94
21 96
67 61
55 48
56 78
32 41
83 77
56 90
67 56
77 39
2 42
45 95
59 79
34 17
44 20
62 40
64 75
62 12
82 29
47 47
2 72
11 1
62 38
2 28
90 83
45 97
85 53
53 12
51 86
85 78
55 36
68 10
94 65
70 21
3 56
70 91
86 36
46 52
64 64
69 15
20 21